RL = {' ' ' ' ' ' '10' ' ' ' ' ' ' ' ' ' ' '20' ' ' ' ' ' ' ' ' ' ' '30' ' ' ' ' ' ' ' ' ' ' '40' ' ' ' ' ' ' ' ' ' ' '50' ' ' ' '}
CL = {' ' '-0.5' ' ' ' ' '-0.4' ' ' ' ' '-0.3' ' ' ' ' '-0.2' ' ' ' ' '-0.1' ' ' ' ' '0.0' ' ' ' ' '0.1' ' ' ' ' '0.2' ' ' ' ' '0.3' ' ' ' ' '0.4' ' ' ' ' '0.5' ' ' ' ' '-0.5' ' ' ' ' '-0.4' ' ' ' ' '-0.3' ' ' ' ' '-0.2' ' ' ' ' '-0.1' ' ' ' ' '0.0' ' ' ' ' '0.1' ' ' ' ' '0.2' ' ' ' ' '0.3' ' ' ' ' '0.4' ' ' ' ' '0.5' ' ' ' ' '-0.5' ' ' ' ' '-0.4' ' ' ' ' '-0.3' ' ' ' ' '-0.2' ' ' ' ' '-0.1' ' ' ' ' '0.0' ' ' ' ' '0.1' ' ' ' ' '0.2' ' ' ' ' '0.3' ' ' ' ' '0.4' ' ' ' ' '0.5' ' '}
Matrix = [0.04043151969981239 0.06309300455641918 0.04721165887603958 0.03540433925049309 0.0637123745819398 0.04352708694813957 0.039343921935015055 0.05937563762497449 0.046879765753675355 0.04007854007854007 0.05643879173290938 0.04768027136448189 0.04731182795698925 0.0591021881344462 0.04446097241510949 0.05070306038047974 0.05252811704424608 0.055472550039162516 0.058165971959075406 0.05542851916216958 0.05856390128888026 0.07115384615384615 0.05958974358974359 0.06075675675675675 0.06423076923076923 0.05545375972342264 0.058154675513166075 0.0685897435897436 0.05868825910931174 0.06050158061116965 0.04470742932281394 0.050421415004748345 0.05077836017062536 0.037630662020905925 0.06955397543632838 0.05454203498213279 0.03946488294314381 0.07822370865849128 0.055686876053008774 0.04553492484526967 0.06749965098422449 0.05623615630725477 0.04326158737923444 0.06861619504288512 0.058766968325791855 0.05043343753021172 0.06689363268310636 0.056198443466347975 0.04389159227868906 0.05022608969977391 0.05907885218230046 0.04765389188694777 0.05334854933892625 0.05720529353834652 0.05292307692307692 0.05319312397964083 0.0552991452991453 0.051443388072601556 0.054166339278698836 0.05668997104231363 0.05039676113360324 0.05587905935050392 0.057649603460706564 0.04407051282051282 0.059733468286099864 0.05823018487037824 0.04079872658798057 0.06996426556328757 0.05333152632879369 0.04090514748409486 0.07187701695710849 0.052615593874520084 0.04297566034282926 0.06267603708058739 0.05259094644134203 0.0390578837947259 0.059588592522029055 0.052469208336449 0.04603405493283135 0.05851972960726277 0.05196833472977725 0.039952346789002904 0.04598054465428471 0.05442658250378776 0.041218290166986554 0.049552042823699675 0.05338934660249613 0.048232848232848236 0.05103950103950104 0.052590301370789176 0.04765498652291105 0.05165324393647481 0.052392533524609 0.04596838777660695 0.05210138095502191 0.051745620028022556 0.04001196266389637 0.05504719152854512 0.052082389076007166 
0.04043151969981239 0.06467277342456682 0.047119388642291676 0.03540433925049309 0.06491452991452992 0.04344230769230769 0.039343921935015055 0.06132009016624402 0.046664643706063824 0.04007854007854007 0.05751905751905752 0.047539484712259585 0.04731182795698925 0.0606782464846981 0.044226349869383313 0.05070306038047974 0.05392886683209264 0.055179818904391206 0.058165971959075406 0.05673271961304416 0.05824819292613697 0.07115384615384615 0.06025929127052722 0.06059299191374663 0.06423076923076923 0.05608391608391609 0.057998345740281225 0.0685897435897436 0.0593126022913257 0.06033627574611181 0.04579881656804734 0.05236070019723866 0.05273281497057721 0.036695728948239706 0.06979295214589333 0.053813044917779496 0.038717948717948716 0.07863247863247863 0.05518376068376068 0.042547196393350244 0.06775724275724276 0.054430825584671744 0.04101304101304101 0.06914111529496145 0.05719193546418677 0.04853598014888338 0.06783090783090782 0.05504904945538191 0.042349048800661704 0.05078309078309078 0.05784453014004465 0.04643470120143548 0.053943115707821586 0.05603541852154505 0.053310285220397574 0.05387169010764516 0.05512909816492602 0.05181818181818181 0.05486898159311952 0.056533855929017225 0.05073649754500818 0.05660559984513314 0.05748884297890227 0.04505670611439842 0.059733468286099864 0.05812054107508653 0.04086853063652588 0.07124489570687562 0.053330550420418635 0.04098557692307692 0.07292307692307692 0.052613263929053404 0.043417791938501996 0.06465553677092138 0.05264294732358802 0.039468385018123234 0.06124373009189764 0.05252726413628421 0.046432756961312584 0.06029091401123063 0.05188557167448988 0.04027838703130217 0.04738245044313646 0.05434690395112559 0.0415323128400552 0.05088851215377298 0.05331995898033634 0.048152602114866265 0.0515996617332212 0.052460899630710954 0.04757650951199339 0.052226671178284084 0.052264128648790854 0.0458932324506095 0.0526325203688301 0.051621206101331855 0.041159306893572625 0.0548955463728191 0.05181709300242701 
0.041469428007889546 0.06805210918114143 0.04820698625046452 0.03813327497538024 0.06945247734721419 0.0454390963162893 0.04147062041798884 0.06376518218623482 0.04766565879157485 0.04236874236874237 0.059533201840894154 0.04852764423076923 0.04731182795698925 0.061830789625752065 0.044091883055560985 0.05070306038047974 0.05465763530279659 0.05503460885464281 0.058165971959075406 0.05737653151446254 0.05809874219217935 0.07115384615384615 0.06090909090909091 0.0604383788254756 0.06423076923076923 0.0570304114490161 0.057770464829288354 0.0685897435897436 0.06088159031979257 0.05994609164420485 0.04679487179487179 0.05559204840103716 0.052946298984034836 0.03821339950372209 0.07005789909015715 0.05097637285575574 0.040293040293040296 0.08031805592781203 0.05309998643331977 0.043872625350358144 0.07126696832579185 0.05358774623623698 0.0423405654174885 0.07120931952662722 0.057781681459566074 0.04932186682076209 0.07043964406978107 0.05581783836556785 0.04258601032794581 0.051106427818756586 0.058042455410876465 0.046513830996589615 0.054272033187695835 0.05620790499822758 0.05339160839160839 0.05422594646732578 0.05527906233551395 0.052093023255813956 0.0554561717352415 0.05650368783063721 0.051166810717372516 0.05781016736072916 0.056890321889261894 0.04380293863439931 0.061424530525654115 0.05703010154992347 0.041657376439985135 0.07285335826710301 0.053293958968240476 0.04224021592442646 0.07401076289965179 0.052393914605135726 0.04373494593348025 0.06621601378173919 0.052423153534764406 0.03969684829059829 0.06182199211045365 0.05207234970208208 0.04629322079156979 0.061559481039580276 0.05148076126111766 0.040237691001697794 0.047871758398074185 0.054189589052802495 0.041527623285131626 0.05136821064240419 0.05315702759403307 0.048147229114971046 0.05205748552522746 0.052302586843061584 0.047535993418346356 0.05219165239685075 0.052272203431326596 0.045855276798673024 0.053670730372023565 0.05154916475671193 0.0387310802405142 0.056675993076247475 0.05184112165244241 
