RL = {' ' ' ' ' ' '10' ' ' ' ' ' ' ' ' ' ' '20' ' ' ' ' ' ' ' ' ' ' '30' ' ' ' ' ' ' ' ' ' ' '40' ' ' ' ' ' ' ' ' ' ' '50' ' ' ' '}
CL = {'-5.0' ' ' '-4.0' ' ' '-3.0' ' ' '-2.0' ' ' '-1.0' ' ' '0.0' ' ' '1.0' ' ' '2.0' ' ' '3.0' ' ' '4.0' ' ' '5.0' ' ' '-5.0' ' ' '-4.0' ' ' '-3.0' ' ' '-2.0' ' ' '-1.0' ' ' '0.0' ' ' '1.0' ' ' '2.0' ' ' '3.0' ' ' '4.0' ' ' '5.0' ' '}
Matrix = [0.05151147098515519 0.05058748997752987 0.05567715458276334 0.050031160190278916 0.05570975416336241 0.05247430855890841 0.05648774302620456 0.05486022749180644 0.06030833133636872 0.05282935455349248 0.049431530739941956 0.05804370990047382 0.052958136316457155 0.05754494547597996 0.05506659625652761 0.0564855825725391 0.0543871591845509 0.057011178163114615 0.055968541262658905 0.05824376536705304 0.054716574908498135 0.056594418472871506 0.054230224800293006 0.05333152632879369 0.057471496271985875 0.052615593874520084 0.05475526705200422 0.05259094644134203 0.05235396182764604 0.052469208336449 0.0549358785433056 0.05196833472977725 0.04425022860036122 0.05442658250378776 0.0474686046595214 0.05338934660249613 0.0504293591250113 0.052590301370789176 0.05077643310016696 0.052392533524609 0.050823674042852124 0.051745620028022556 0.051746775436305154 0.052082389076007166 
0.05151767151767152 0.05015384615384615 0.05566688213747037 0.04965837104072398 0.05530192092342148 0.05124260355029586 0.05621696027178609 0.05372455024262069 0.06059160964821342 0.051883920331174775 0.04967171193586288 0.05706522779754223 0.053306342780026994 0.05659831727359036 0.05568294459770939 0.05632732047826387 0.054993678887484194 0.056857858099650854 0.056588476329254 0.058087043140080744 0.05539170218752931 0.05697233715117471 0.05463914946841776 0.053330550420418635 0.057893665158371035 0.052613263929053404 0.055936883629191324 0.05264294732358802 0.05342151875471654 0.05252726413628421 0.056238056760782903 0.05188557167448988 0.045304846992505685 0.05434690395112559 0.04850842636344126 0.05331995898033634 0.05084372760638897 0.052460899630710954 0.0511978743494587 0.052264128648790854 0.05121670357928795 0.051621206101331855 0.05196815107396329 0.05181709300242701 
0.05263891038538926 0.04941615504995786 0.058081791626095426 0.04946106362773029 0.05742821473158552 0.05108730931515741 0.05821782178217822 0.054483212744351354 0.06215172057218361 0.05232260168662349 0.050028176951253875 0.057154424522845575 0.05362613050666148 0.05669316410110015 0.056045171642516774 0.056420504036832894 0.055572355572355576 0.05678899796546855 0.057695293372983174 0.05756044683552131 0.056692104666021766 0.05613453081179 0.05527815723774083 0.053293958968240476 0.05891975308641975 0.052393914605135726 0.056724007356918744 0.052423153534764406 0.05393580223406956 0.05207234970208208 0.057008961157961766 0.05148076126111766 0.04561789088104878 0.054189589052802495 0.0488427501701838 0.05315702759403307 0.05119238454950702 0.052302586843061584 0.05114308055484526 0.052272203431326596 0.05195681511470985 0.05154916475671193 0.052740705173674386 0.05184112165244241 
0.05766541151156535 0.05101779684118586 0.06275814275814276 0.050906816760475294 0.061764705882352944 0.05233031674208145 0.06209514170040486 0.05535437677147189 0.06442498095963442 0.052938166412795126 0.050967212874694315 0.05735897305561312 0.05460845460845461 0.0568631156866451 0.05711585711585712 0.05658702717526247 0.057532550523204724 0.057110415863731515 0.05963944312568166 0.05755337995337995 0.0587440423889022 0.05610721923719271 0.05793848156616653 0.052476539915303884 0.061493433395872425 0.05156355362688477 0.05878506787330317 0.05158135723925198 0.05574986816953398 0.05125436008880209 0.05815641660319878 0.050940512653143206 0.04611357229158276 0.05389932380079554 0.049343872873284636 0.052869934040096475 0.05172305172305172 0.05202461944300771 0.05200563754940413 0.051806622183054256 0.05288764568764569 0.0511981351981352 0.05363228970656027 0.05152878049204027 
0.04448777029422191 0.05140067936276467 0.050935957626098476 0.05163386519318723 0.051305213906839925 0.05330564853653881 0.05198331355414105 0.05680187707837477 0.05460412603269746 0.05474634749246148 0.050967212874694315 0.05735897305561312 0.05550779495733624 0.057200932400932394 0.0585156433780287 0.05699597591555428 0.05896744764669293 0.05755157373119239 0.06113374337673404 0.057985142865779465 0.060362073823612285 0.05668980142664353 0.0451741518092229 0.05465434364129639 0.05057842345977939 0.0537832251671317 0.04914594574462637 0.05385555520735699 0.04741648520450364 0.05354633492192863 0.05036816953915399 0.053190850600177024 0.04611357229158276 0.05389932380079554 0.049596270396270396 0.052623063211298504 0.05242758900283788 0.05161593016912166 0.052743642080028796 0.051402325808658264 0.05361906489227444 0.050798360734023024 0.054420667052246005 0.0510960016237061 
0.043859649122807015 0.051846456543947934 0.050406804733727814 0.051555367709213866 0.05096403041608521 0.052923501828611316 0.051874595992243054 0.05669909502262443 0.0547008547008547 0.054567455192211144 0.05359311740890688 0.05679009294047854 0.05452214452214452 0.05659540459540459 0.05469308469308469 0.05663736263736264 0.05505834371813753 0.057192346228891085 0.056055056055056056 0.05770539190228309 0.056757688000689116 0.057139001349527666 0.043979466999634245 0.05457297413785846 0.050662158354466046 0.05370540358607185 0.04876296847099767 0.05390367154654141 0.04695701357466064 0.05361287834972046 0.05020574895623705 0.05325925285626142 0.04804808516248105 0.0533184582359045 0.04949050949050949 0.05294393106893107 0.049742257742257746 0.05285599816849817 0.04973044674041352 0.05270226152260132 0.05012661489345427 0.05239734358905343 0.050733935430291706 0.05238790607586336 
0.050270855904658726 0.051567300495653216 0.05618305744888023 0.05141975308641976 0.05963100444705796 0.05380530521585948 0.060479203336346196 0.05562198308312298 0.06337967484345378 0.05321561136218919 0.05008127224003866 0.05740589406019182 0.05392955668185026 0.05701445221445222 0.05528324886123051 0.05554871794871795 0.054457774641260885 0.056110076727878794 0.05611688083083964 0.05742565307782699 0.054675224818640726 0.05615849997690851 0.05213256499233229 0.05353375029130372 0.05607312440645774 0.052643084821302644 0.05612218846536802 0.05178336748674807 0.05426122524568121 0.051581061425621015 0.056451800773424037 0.05129799058518495 0.045181017325580934 0.05420269908871137 0.04873473193473194 0.0530662278897573 0.05164195804195804 0.05252653229123817 0.052031562035465995 0.05232733224222586 0.05205640423031727 0.05168940046988828 0.05220097410556008 0.05214221165442857 
0.05034241121197643 0.051102873030583876 0.05623798467031183 0.05102623260632863 0.05935849418995486 0.052541382667964945 0.06037701559608776 0.05443642339167899 0.06374415722115198 0.05226264034434823 0.05036557501904037 0.05638923267326733 0.05432409404372021 0.05603542738821254 0.055921482526987115 0.055391222090421785 0.055082940596959284 0.055957967761681285 0.05675778964088233 0.057271262335810494 0.05536851889637036 0.05655782808792842 0.05252482457301734 0.05353453949577574 0.05649675509998513 0.0526429296544239 0.05737531104619712 0.051842881785694864 0.05539499824227213 0.05164936158702642 0.05782718791473207 0.05122036111879317 0.04628593869002285 0.054126288746066814 0.04983676800652928 0.05299993053957725 0.052087869187225036 0.05239770867430442 0.052485509382061105 0.05219950769925374 0.052478802230540064 0.051565415716359114 0.052443329617242664 0.05187990394867543 
