RL = {' ' ' ' ' ' '10' ' ' ' ' ' ' ' ' ' ' '20' ' ' ' ' ' ' ' ' ' ' '30' ' ' ' ' ' ' ' ' ' ' '40' ' ' ' ' ' ' ' ' ' ' '50' ' ' ' '}
CL = {' ' '-0.5' ' ' ' ' '-0.4' ' ' ' ' '-0.3' ' ' ' ' '-0.2' ' ' ' ' '-0.1' ' ' ' ' '0.0' ' ' ' ' '0.1' ' ' ' ' '0.2' ' ' ' ' '0.3' ' ' ' ' '0.4' ' ' ' ' '0.5' ' ' ' ' '-0.5' ' ' ' ' '-0.4' ' ' ' ' '-0.3' ' ' ' ' '-0.2' ' ' ' ' '-0.1' ' ' ' ' '0.0' ' ' ' ' '0.1' ' ' ' ' '0.2' ' ' ' ' '0.3' ' ' ' ' '0.4' ' ' ' ' '0.5' ' ' ' ' '-0.5' ' ' ' ' '-0.4' ' ' ' ' '-0.3' ' ' ' ' '-0.2' ' ' ' ' '-0.1' ' ' ' ' '0.0' ' ' ' ' '0.1' ' ' ' ' '0.2' ' ' ' ' '0.3' ' ' ' ' '0.4' ' ' ' ' '0.5' ' '}
Matrix = [0.024597701149425288 0.035789473684210524 0.03334862385321101 0.03333333333333333 0.04376470588235294 0.03670256835128417 0.03770114942528736 0.03684210526315789 0.037378097521982415 0.025846153846153845 0.03715220949263502 0.03379387602688573 0.023218390804597703 0.03576923076923077 0.032688172043010756 0.015698924731182794 0.034796404019037545 0.023508167118115406 0.016551724137931035 0.036881720430107526 0.024529262086513993 0.01301247771836007 0.043079584775086506 0.027875902319152202 0.011948790896159318 0.040256045519203414 0.02676732044588683 0.02507936507936508 0.038482384823848234 0.0283075991522858 0.027177177177177176 0.03487908961593172 0.029630196769006967 0.04280701754385965 0.07134502923976607 0.05364558184451955 0.050352941176470586 0.060333333333333336 0.04972769953051644 0.05052631578947368 0.05206258890469416 0.054272371576423076 0.038952536824877246 0.058279370952821465 0.051931419128279276 0.030128205128205125 0.05248868778280543 0.04974231723611376 0.033950290851401374 0.06754098360655739 0.051199265840737494 0.03387096774193548 0.06562665256478054 0.049774275629976196 0.020847750865051903 0.06997366110623354 0.05205037628628475 0.023186344238975816 0.07415771936319882 0.05158321860734729 0.03882113821138211 0.06763023185787413 0.052010367515119296 0.04278805120910384 0.0613885778275476 0.052792604741315044 0.040688073394495414 0.0540318686624819 0.046774227565116525 0.04403479701739851 0.05785915492957746 0.046138635735984534 0.04409272581934452 0.04773444402372838 0.046007424829367274 0.03146004480955937 0.054730427597603805 0.046193277112418205 0.02812241521918941 0.0525481962206528 0.047413058775600904 0.02570795370598375 0.06219496934050807 0.04616762735628603 0.026327396098388467 0.0602068456045309 0.04640260684426442 0.016648748272154814 0.061434495469205964 0.0465162057605293 0.01825878368844363 0.06216216216216216 0.04647438669318804 0.03132001211020284 0.058257459958795776 0.044720894566787274 0.03345838756603629 0.05208886238258535 0.04525817666752511 
0.02671957671957672 0.03888888888888889 0.03298080052066384 0.03588709677419355 0.04739583333333333 0.03652389277389277 0.03891625615763547 0.03697318007662835 0.036863711001642034 0.025846153846153845 0.03645484949832776 0.03387967964239151 0.023218390804597703 0.03586666666666667 0.03269135802469136 0.015698924731182794 0.0348824494259158 0.023552470396080032 0.016551724137931035 0.037 0.024573839662447257 0.01301247771836007 0.044117647058823525 0.027776928953399543 0.011948790896159318 0.041301169590643276 0.026638596491228073 0.02507936507936508 0.039451476793248945 0.028183183183183184 0.027731092436974792 0.036 0.0293968253968254 0.04365079365079365 0.07777777777777778 0.05474563401670464 0.05130208333333334 0.06413043478260869 0.0504079254079254 0.049042145593869726 0.05412698412698412 0.054523809523809516 0.03729096989966555 0.057777777777777775 0.05173176123802505 0.03 0.05322448979591837 0.05002469135802469 0.03378895571350465 0.06943308007013442 0.05145676893370521 0.033666666666666664 0.06751412429378531 0.04996624472573839 0.021301247771836007 0.07062937062937062 0.052144824872097595 0.023684210526315787 0.07527386541471048 0.0516 0.039029535864978905 0.06900357026939305 0.05159767362299008 0.04304761904761904 0.063270911360799 0.052327160493827164 0.04127888057273023 0.05644140723867376 0.04652125523970002 0.04476981351981352 0.05971250971250971 0.04588806831797486 0.04374384236453202 0.049246031746031746 0.04592453687919082 0.031663252002235055 0.055311085377408156 0.04619408072592209 0.02814814814814815 0.05375802469135802 0.04725583669478059 0.025773785218456514 0.06347135807766574 0.04601940499903617 0.026396624472573838 0.06138396624472574 0.04625457816616334 0.016592818945760122 0.0629909484454939 0.04634334415584416 0.018189473684210526 0.06355555555555556 0.04630873440285205 0.03133633633633633 0.05938419432090318 0.044718376913498864 0.034 0.05320370370370371 0.044996904982977405 
0.027635327635327632 0.04351851851851852 0.03370202781967488 0.03741935483870968 0.05219941348973607 0.03720131421744325 0.04074074074074074 0.03949579831932773 0.037656197230665316 0.02733333333333333 0.038363636363636364 0.034692307692307696 0.02019704433497537 0.036875439831104855 0.03361857154960603 0.013546798029556651 0.03611922852133255 0.02463302353860853 0.014285714285714285 0.038571428571428576 0.025746671464555598 0.013825757575757575 0.042905242905242905 0.02833995481810392 0.012612612612612612 0.04034469251860556 0.027098338443984883 0.025882352941176474 0.0387047619047619 0.02873904761904762 0.028030303030303027 0.03664884135472371 0.029708529436049874 0.04814814814814815 0.0725 0.05274321266968326 0.05161290322580645 0.06060606060606061 0.04875841750841751 0.049579831932773114 0.053832442067736186 0.05346961479627312 0.03854545454545454 0.058139534883720936 0.05066652097902098 0.024630541871921183 0.053401360544217694 0.04971167828310685 0.029456458211572178 0.06943308007013442 0.05168424198437434 0.02869047619047619 0.06751412429378531 0.050235096557514694 0.02126022126022126 0.06876600102406553 0.052140204839433636 0.023971797884841363 0.07365728900255755 0.05165385644908417 0.03931428571428571 0.066990990990991 0.05078044444444444 0.042638146167557935 0.06184873949579832 0.05025164289148902 0.041997653762359644 0.06179298642533937 0.04633853541416567 0.04565412186379929 0.06384680134680135 0.045699063332474005 0.044697737250928744 0.05125851759143374 0.045738518593212554 0.03215384615384616 0.057124125874125874 0.04600903614457831 0.023553333898161485 0.05464574036002608 0.047426199150337085 0.02154086684617389 0.06323698928403707 0.04603974251329415 0.022148254767902123 0.06115029387069689 0.04626746049919854 0.017200280439354988 0.06127228954992451 0.04665412238624016 0.01874064037652428 0.06202439677258996 0.04662785665424188 0.03245714285714286 0.058325333333333326 0.04522638146167558 0.033787465940054495 0.053854784420580226 0.045502598234094194 
