RL = {' ' ' ' ' ' '10' ' ' ' ' ' ' ' ' ' ' '20' ' ' ' ' ' ' ' ' ' ' '30' ' ' ' ' ' ' ' ' ' ' '40' ' ' ' ' ' ' ' ' ' ' '50' ' ' ' '}
CL = {'-5.0' ' ' '-4.0' ' ' '-3.0' ' ' '-2.0' ' ' '-1.0' ' ' '0.0' ' ' '1.0' ' ' '2.0' ' ' '3.0' ' ' '4.0' ' ' '5.0' ' ' '-5.0' ' ' '-4.0' ' ' '-3.0' ' ' '-2.0' ' ' '-1.0' ' ' '0.0' ' ' '1.0' ' ' '2.0' ' ' '3.0' ' ' '4.0' ' ' '5.0' ' '}
Matrix = [0.03852040816326531 0.041218872870249015 0.04488603156049094 0.04222169173231479 0.04512730465320457 0.046819015375934546 0.04486301369863014 0.045471472270248704 0.03947606142728094 0.0435029958240029 0.04679885332059245 0.041868569532027874 0.047085523172479694 0.04154220599623852 0.04670937682003494 0.043992218297240565 0.04792471042471043 0.04316353887399464 0.051354483557873386 0.044779014455271784 0.049583622484385845 0.04630011159756202 0.04586219809024527 0.046774227565116525 0.04989257579374552 0.046138635735984534 0.04612780363944139 0.046007424829367274 0.04644234605665647 0.046193277112418205 0.043611934878653995 0.047413058775600904 0.04990043146365748 0.04616762735628603 0.04915919902644098 0.04640260684426442 0.046505913070188906 0.0465162057605293 0.04726637303715052 0.04647438669318804 0.05003925553041148 0.044720894566787274 0.04686668383552236 0.04525817666752511 
0.041352657004830914 0.04149747449737546 0.04766233766233766 0.04247419247419247 0.04557692307692308 0.04664468864468864 0.0439358372456964 0.04528517621737961 0.03946202531645569 0.04352469135802469 0.04716604244694132 0.04184528832630098 0.047515605493133585 0.04150210970464135 0.046909090909090914 0.04385974025974026 0.04832360300250209 0.042976969696969694 0.05186880244088482 0.044267920094007054 0.050890322580645166 0.045906666666666665 0.047212043181142915 0.04652125523970002 0.051173826173826174 0.04588806831797486 0.046791208791208794 0.04592453687919082 0.04677158999192897 0.04619408072592209 0.04415432098765432 0.04725583669478059 0.05048663853727144 0.04601940499903617 0.04972151898734177 0.04625457816616334 0.04721558441558442 0.04634334415584416 0.047883636363636364 0.04630873440285205 0.05060399529964747 0.044718376913498864 0.04782666666666667 0.044996904982977405 
0.04230343300110742 0.0407871198568873 0.04847605224963715 0.04199860237596086 0.046536224219989424 0.04632807137954702 0.04497016197783461 0.04487876254180602 0.038195138195138194 0.04372834372834373 0.047126436781609195 0.04276963590565606 0.0473876698014629 0.04244332493702771 0.04567982456140351 0.043958868894601544 0.047313566936208445 0.0430825907303231 0.05065888240200167 0.043767272727272724 0.05023902651021295 0.04450653489123909 0.04936335893928233 0.04633853541416567 0.05320580013976241 0.045699063332474005 0.04829558453443148 0.045738518593212554 0.04807692307692308 0.04600903614457831 0.04308574308574308 0.047426199150337085 0.04949622166246852 0.04603974251329415 0.04874055415617128 0.04626746049919854 0.046122536418166236 0.04665412238624016 0.046915915766416086 0.04662785665424188 0.05009454545454546 0.04522638146167558 0.048242737726873874 0.045502598234094194 
0.052941176470588235 0.04524444444444444 0.05949494949494949 0.045525252525252524 0.054996505939902164 0.04905903583397783 0.053163841807909604 0.04704313725490196 0.043151887620719934 0.04427987022146988 0.05072784810126583 0.04266666666666667 0.04984567901234568 0.04182862730717517 0.04680796731358529 0.04268527976393145 0.04883771929824561 0.04229862896315338 0.05017883442036608 0.0425249169435216 0.049126867241742055 0.04156515319306017 0.055695238095238096 0.045381836179163575 0.058565656565656564 0.04474735970180162 0.052092463693391766 0.04484217342038525 0.05203921568627451 0.04499112097669256 0.04731979122584286 0.04627951484965874 0.05318518518518518 0.04520229800757854 0.05241413030191908 0.04554455445544554 0.04877425944841675 0.046235775476281805 0.048323693230505574 0.046329472875202074 0.04943310657596372 0.045906467981416774 0.04968623108157992 0.04615281626969782 
0.05 0.042549668874172185 0.051219512195121955 0.0443309162821358 0.04906462585034014 0.04803407601572739 0.048484848484848485 0.04592811839323467 0.04021857923497268 0.04402257964738633 0.04965753424657534 0.042272908631466946 0.048252252252252256 0.04221788617886179 0.04401234567901234 0.04312431243124312 0.04389200748462978 0.043152544330849654 0.04783176593521421 0.04295282802839478 0.04677893611333868 0.04266158378097383 0.05622240618101545 0.045619175994842644 0.054372665348275104 0.04545889004128282 0.04906384572177495 0.04551513234208584 0.0492600422832981 0.0456822247519922 0.04495051036189298 0.04668919220304206 0.05192844793190584 0.04563815463113883 0.05101788617886179 0.04584292444391437 0.04678523407896345 0.04664766724811439 0.04584993935193207 0.04690961102742934 0.049816807877261275 0.045893443248606974 0.04976029573153122 0.04602356872523829 
0.04311594202898551 0.04244396240057845 0.042943548387096776 0.043570640176600436 0.04054054054054054 0.04529440154440155 0.0397212543554007 0.042599161560786844 0.03188405797101449 0.03998217292265029 0.043546365914786965 0.03923594031808493 0.042314436002337814 0.039189941911355136 0.043601190476190474 0.04059530878859858 0.043356643356643354 0.04097779706371592 0.04408653846153846 0.0415018315018315 0.04408653846153846 0.0415018315018315 0.04998192335502531 0.04609921720267849 0.04701986754966887 0.04623258903280002 0.044920366795366796 0.046304729945669545 0.04588842308932602 0.046512364278929144 0.04131920372387838 0.04740121280203035 0.051270700114772916 0.04637440084046488 0.05008355216042015 0.04658160729080364 0.04956205463182898 0.04647211853862685 0.0486656541549143 0.04657477932192164 0.048534798534798536 0.046487100806909876 0.048534798534798536 0.046487100806909876 
0.04573643410852713 0.043817741765758186 0.0521044992743106 0.04476764500349406 0.05097831835007932 0.04934797529169526 0.04890442890442891 0.048810298690966945 0.043508771929824566 0.04602367777634796 0.04947753396029258 0.043279138997023126 0.0493730407523511 0.042305930844973666 0.04673539518900344 0.04380380486767988 0.04808625336927223 0.04294319709264698 0.05053563111318118 0.04481959616021185 0.04803288314738696 0.04594384784577565 0.05035252025676103 0.04591477616687701 0.053590146750524106 0.045257583569648534 0.0489514222527263 0.045104366239790264 0.047450640052072036 0.0453940231355129 0.04547677261613692 0.04632293015005513 0.051081978474925585 0.04545963412462153 0.050429356537668876 0.045826018370098975 0.0474386225953874 0.04630517595034497 0.04792651963956788 0.04632351914673814 0.050016550810989734 0.04487652072557733 0.04678052356924138 0.045647476832957216 
0.04780487804878049 0.04389145242803779 0.05591836734693878 0.045241379310344824 0.05184102863822326 0.04931168934511021 0.04793269230769231 0.04864468864468864 0.04365049981488338 0.04611691983954758 0.049986320109439125 0.04328262516757009 0.04993160054719562 0.04228011890190593 0.04685330347144457 0.04368690958164642 0.048431665421956684 0.04277205733898647 0.051007371007371 0.04430312665606783 0.04925255704169945 0.04550978464837816 0.0511865524060646 0.04582291094706444 0.05527356321839081 0.04501827427300174 0.04983687435346543 0.045030654515327256 0.04781684981684982 0.045399477213319696 0.046110343920562895 0.046177674915435285 0.051716500553709854 0.04532058790191559 0.05104039167686658 0.04568582259669274 0.04821592442645074 0.04613275327928284 0.04860690490611751 0.046156927752452 0.05060461531049766 0.04486960760419205 0.04771691537842909 0.04538165589412127 
