RL = {' ' ' ' ' ' '10' ' ' ' ' ' ' ' ' ' ' '20' ' ' ' ' ' ' ' ' ' ' '30' ' ' ' ' ' ' ' ' ' ' '40' ' ' ' ' ' ' ' ' ' ' '50' ' ' ' '}
CL = {'-5.0' ' ' '-4.0' ' ' '-3.0' ' ' '-2.0' ' ' '-1.0' ' ' '0.0' ' ' '1.0' ' ' '2.0' ' ' '3.0' ' ' '4.0' ' ' '5.0' ' ' '-5.0' ' ' '-4.0' ' ' '-3.0' ' ' '-2.0' ' ' '-1.0' ' ' '0.0' ' ' '1.0' ' ' '2.0' ' ' '3.0' ' ' '4.0' ' ' '5.0' ' '}
Matrix = [0.0469361638060825 0.04473572167143118 0.04410866910866911 0.04417330118860731 0.043365061590145575 0.04826370048833424 0.045085796805980294 0.04972894078398665 0.046262642225031604 0.05117794785936379 0.04695378151260504 0.05160697887970615 0.050128708847039696 0.05153603378593161 0.05198179682912507 0.050491195350451074 0.05328911000552792 0.051463388676032354 0.05184994861253854 0.050577884214910454 0.05053956834532374 0.05085901707621824 0.04865884070312025 0.048704800498753115 0.047544292442251626 0.04933712615480975 0.041949267498643514 0.04983150856442633 0.041793406269930826 0.04970000430101361 0.04179024156900263 0.0492382626528968 0.041620752984389345 0.04918725172366559 0.04375936605967031 0.04815327793167128 0.045882850451075645 0.047475961538461536 0.04661025968497233 0.04656911457815761 0.04652228238234069 0.0470841218692991 0.04650145772594752 0.047194943140163335 
0.047955246913580246 0.04514464713469689 0.04497503121098627 0.04452219394967487 0.04415465568519789 0.048631242137504783 0.046023628989596194 0.04996644462119706 0.04651303088803089 0.0510986234116288 0.04758800521512386 0.05148595309960529 0.05080532212885154 0.051429063360881544 0.05262839147286822 0.05037664783427495 0.054027113237639555 0.051326530612244896 0.05210614117401731 0.05056884724778317 0.050724637681159424 0.050872093023255814 0.049129353233830844 0.04847644570166623 0.0479431721798134 0.049100651711066104 0.04228655034731718 0.04958855643601092 0.04253454961224896 0.04930141843971631 0.042224201001155176 0.049093028338311355 0.042297422800092875 0.048914270660846006 0.0444674012855831 0.047884038780573186 0.04658279682915079 0.047200348906067446 0.04727175080558539 0.046309864920180105 0.04682010205788857 0.04694174181300427 0.04682010205788857 0.047043443623296495 
0.046232876712328765 0.045595717967356106 0.044226136705811506 0.045321148348640594 0.04538923719958203 0.04852560414269275 0.04660891089108911 0.0500686848789591 0.04672897196261682 0.05132730165042752 0.047973917093619006 0.05185898350211572 0.05061892130857648 0.05169655784409883 0.05232158480189976 0.05082721401397859 0.05343511450381679 0.05134780534351145 0.051537677114641474 0.05057276064301084 0.05044223327805417 0.0508301404853129 0.045025771492764155 0.04915444172779136 0.04403625083632382 0.04964463840399003 0.042548906789413116 0.04935905673713294 0.042390233787776684 0.04917480864630141 0.041652167428912305 0.04910815602836879 0.04167260970855323 0.04891672558029928 0.0437391994769044 0.0480668463208324 0.046138193399982305 0.047268159518911224 0.04660934247050659 0.046684796684796685 0.046163663980422764 0.04732554243109659 0.04599829714772243 0.047480042399549505 
0.04636150234741784 0.0450206136793728 0.04406645569620253 0.044820099255583126 0.04524623803009576 0.04812254700954836 0.04656256441970728 0.04972248526936027 0.04662994772218073 0.05078521412624315 0.04622602168473728 0.051273458445040214 0.04912689633375474 0.05112413298254006 0.051812608290017326 0.05091463414634146 0.053048387096774195 0.05181564245810056 0.05110099823840282 0.05097371616932685 0.050227608267716536 0.05119388204225352 0.04545992160043255 0.04913951694261468 0.04444789081885856 0.049618532646939 0.042923671723976334 0.04933306617815434 0.0427254313973064 0.04915109606179286 0.042330525674852855 0.04903777694015161 0.041768218376797464 0.04917445011386895 0.04389500119588615 0.0483446861495642 0.04587850045167118 0.047442742185082015 0.04626815642458101 0.04681705084268344 0.045796105135322694 0.04744965682465682 0.04560409330985916 0.04758494469642715 
0.04699792960662526 0.04466447595987547 0.044538794538794536 0.044476100031655585 0.0457903040734366 0.04784282133906194 0.047116623711340205 0.04946984669622349 0.045297029702970296 0.04954382872842258 0.04536604361370716 0.05053703703703704 0.04832104832104832 0.05042744357260486 0.05161064425770308 0.05032139577594123 0.052582644628099175 0.050591297201041045 0.05141935483870968 0.05004469273743017 0.052748804867448935 0.050116090085906666 0.046748529920442754 0.048927160958179554 0.04559195948084837 0.04939646742452023 0.04395661773481322 0.04911147214770595 0.04362747716468137 0.0489233564363098 0.042571665543517705 0.04935688667188853 0.04145679012345679 0.04951871657754011 0.04364646904969486 0.04869504101092659 0.04594237832874196 0.047674763709419664 0.04657892333683394 0.047254021211796574 0.04639106145251397 0.04759166236326933 0.0475504991873694 0.04711914797531236 
0.049184149184149185 0.044909526923915415 0.04637171417993336 0.04462928698870019 0.04762658227848101 0.0480924317617866 0.04862085086489014 0.04973118279569892 0.04562907637281717 0.04940365756692287 0.045558608058608056 0.0504472159234064 0.047910295616717634 0.05047098071922681 0.05213643178410795 0.050490933007610636 0.05160183066361556 0.04995864839319471 0.05093703148425787 0.04978037207554261 0.05278643129110419 0.05010493827160494 0.04767095414577429 0.048630326508024346 0.046314346130972045 0.049091519248286114 0.0445409429280397 0.04880992062022394 0.04413427074717397 0.04860918858348164 0.04271137026239067 0.04928131764069264 0.041597379692617786 0.04943125201745891 0.043412402492272975 0.04877170219781795 0.0461982053932162 0.04752199937463707 0.04607159735349717 0.04779128657741974 0.045728413041435684 0.048015217164723574 0.047302469135802466 0.047344028520499105 
0.0469361638060825 0.04473572167143118 0.04410866910866911 0.04417330118860731 0.043365061590145575 0.04826370048833424 0.045085796805980294 0.04972894078398665 0.046262642225031604 0.05117794785936379 0.04695378151260504 0.05160697887970615 0.050128708847039696 0.05153603378593161 0.05198179682912507 0.050491195350451074 0.05328911000552792 0.051463388676032354 0.05184994861253854 0.050577884214910454 0.05053956834532374 0.05085901707621824 0.04865884070312025 0.048704800498753115 0.047544292442251626 0.04933712615480975 0.041949267498643514 0.04983150856442633 0.041793406269930826 0.04970000430101361 0.04179024156900263 0.0492382626528968 0.041620752984389345 0.04918725172366559 0.04375936605967031 0.04815327793167128 0.045882850451075645 0.047475961538461536 0.04661025968497233 0.04656911457815761 0.04652228238234069 0.0470841218692991 0.04650145772594752 0.047194943140163335 
0.047955246913580246 0.04514464713469689 0.04497503121098627 0.04452219394967487 0.04415465568519789 0.048631242137504783 0.046023628989596194 0.04996644462119706 0.04651303088803089 0.0510986234116288 0.04758800521512386 0.05148595309960529 0.05080532212885154 0.051429063360881544 0.05262839147286822 0.05037664783427495 0.054027113237639555 0.051326530612244896 0.05210614117401731 0.05056884724778317 0.050724637681159424 0.050872093023255814 0.049129353233830844 0.04847644570166623 0.0479431721798134 0.049100651711066104 0.04228655034731718 0.04958855643601092 0.04253454961224896 0.04930141843971631 0.042224201001155176 0.049093028338311355 0.042297422800092875 0.048914270660846006 0.0444674012855831 0.047884038780573186 0.04658279682915079 0.047200348906067446 0.04727175080558539 0.046309864920180105 0.04682010205788857 0.04694174181300427 0.04682010205788857 0.047043443623296495 
