RL = {' ' ' ' ' ' '10' ' ' ' ' ' ' ' ' ' ' '20' ' ' ' ' ' ' ' ' ' ' '30' ' ' ' ' ' ' ' ' ' ' '40' ' ' ' ' ' ' ' ' ' ' '50' ' ' ' '}
CL = {' ' '-5.0' ' ' ' ' '-4.0' ' ' ' ' '-3.0' ' ' ' ' '-2.0' ' ' ' ' '-1.0' ' ' ' ' '0.0' ' ' ' ' '1.0' ' ' ' ' '2.0' ' ' ' ' '3.0' ' ' ' ' '4.0' ' ' ' ' '5.0' ' ' ' ' '-5.0' ' ' ' ' '-4.0' ' ' ' ' '-3.0' ' ' ' ' '-2.0' ' ' ' ' '-1.0' ' ' ' ' '0.0' ' ' ' ' '1.0' ' ' ' ' '2.0' ' ' ' ' '3.0' ' ' ' ' '4.0' ' ' ' ' '5.0' ' ' ' ' '-5.0' ' ' ' ' '-4.0' ' ' ' ' '-3.0' ' ' ' ' '-2.0' ' ' ' ' '-1.0' ' ' ' ' '0.0' ' ' ' ' '1.0' ' ' ' ' '2.0' ' ' ' ' '3.0' ' ' ' ' '4.0' ' ' ' ' '5.0' ' '}
Matrix = [0.03893288084464555 0.05096153846153846 0.04031987339343948 0.03784313725490196 0.043137254901960784 0.03971588635454182 0.03667091836734694 0.03271960958296362 0.03943561960866821 0.037037037037037035 0.030134680134680136 0.03959942562883739 0.03668763102725367 0.030916509730069052 0.038275775775775775 0.027485486211901305 0.03506054632497888 0.03595561099849264 0.027954931972789115 0.03711210511601901 0.034781502628752334 0.02911764705882353 0.040379901960784316 0.036862188057041 0.027254901960784315 0.040908029878618114 0.0348630831643002 0.026300904977375566 0.04146634615384615 0.03539190401435299 0.02245098039215686 0.04318131747080855 0.03587149145372435 0.051923076923076926 0.05517241379310345 0.05238985868661679 0.04742647058823529 0.05128205128205128 0.049856505102040816 0.0571206743566992 0.04758454106280193 0.05766752577319588 0.060437710437710436 0.05244107744107744 0.05967428293631502 0.06293157564344005 0.05303915838690824 0.06298671552908841 0.048789073500422414 0.06716417910447761 0.06398791168126311 0.04969247973161867 0.0692066210045662 0.0627822259325314 0.05018382352941177 0.06985759493670886 0.0591796875 0.050070028011204484 0.07239672977624785 0.06154214559386973 0.04742132867132867 0.06955329153605015 0.05955141796978532 0.035470367922449876 0.07268258426966293 0.05944737445540014 0.044228371379244194 0.0563383208645054 0.048704800498753115 0.04524309723889556 0.05047831632653061 0.04933712615480975 0.04528718703976436 0.038393657552666965 0.04983150856442633 0.04464993067934244 0.038988818667963054 0.04970000430101361 0.04453203203203203 0.039280806229958776 0.0492382626528968 0.032486095950933 0.048846675712347354 0.04918725172366559 0.03319859799875629 0.05084810078548932 0.04815327793167128 0.0341326871657754 0.05337357954545455 0.047475961538461536 0.033341784989858014 0.054666119321291735 0.04656911457815761 0.032574568288854 0.05476411343758283 0.0470841218692991 0.025538786943348768 0.05851377469125692 0.047194943140163335 
0.03893288084464555 0.052553050397877984 0.04023153463451971 0.03784313725490196 0.04411764705882353 0.03962730130220027 0.03667091836734694 0.03333333333333333 0.03934735848066733 0.037037037037037035 0.031184486373165617 0.039401103230890466 0.03668763102725367 0.031449553001277136 0.038172606568832985 0.027485486211901305 0.035849056603773584 0.03581028689583872 0.027954931972789115 0.03787007760850819 0.03464608984089504 0.02911764705882353 0.041163901458019105 0.036709316494959565 0.027254901960784315 0.041666666666666664 0.03471988795518207 0.026300904977375566 0.041721927497789565 0.03534492397137746 0.02245098039215686 0.04344919786096257 0.03582421340629275 0.05371352785145889 0.05818965517241379 0.05395436610053182 0.048642533936651584 0.05347503373819163 0.05092320741175703 0.0582766439909297 0.04936868686868687 0.05874035989717224 0.06114605171208945 0.05506168359941945 0.0607311320754717 0.06273946360153257 0.05391712038717483 0.06313319081699043 0.04920174165457184 0.06929086538461539 0.06426765015806112 0.05030181086519115 0.0710261569416499 0.06301167888875955 0.05052790346907994 0.0715950715950716 0.059312979863827324 0.05039454806312769 0.07437518819632641 0.061655052264808365 0.04735853227232537 0.07040229885057471 0.05966820368885325 0.03526069518716578 0.0734717868338558 0.059593023255813955 0.04411835055491772 0.05811459941670956 0.04847644570166623 0.045127974854063765 0.05162458406733216 0.049100651711066104 0.045183883321966316 0.03913167666381034 0.04958855643601092 0.044634062253743105 0.04039542352468888 0.04930141843971631 0.044611660177697916 0.04000139418161539 0.049093028338311355 0.032501938485396745 0.05028451001053741 0.048914270660846006 0.03317029291055265 0.05226399720637877 0.047884038780573186 0.03414755732801595 0.05471353034912357 0.047200348906067446 0.03336134453781513 0.05592334494773519 0.046309864920180105 0.03263360912343471 0.055299385191125365 0.04694174181300427 0.02562129502963976 0.0591057743128964 0.047043443623296495 
0.038052721088435375 0.04591836734693878 0.039743525772167054 0.037344858156028365 0.0389093137254902 0.03893911055694098 0.03623670212765957 0.03229166666666667 0.03873945147679325 0.037191582002902755 0.031151729559748428 0.03862491356317297 0.03682873730043541 0.03083508036338225 0.03748494580489763 0.027485486211901305 0.03564800494896381 0.03584394334509383 0.027954931972789115 0.03759003601440576 0.034724545555927286 0.02911764705882353 0.04063467492260062 0.036847323198942496 0.027254901960784315 0.04056372549019608 0.035010026737967916 0.026300904977375566 0.04072398190045249 0.035626945309026235 0.02214285714285714 0.04352941176470588 0.036048850574712646 0.058163265306122446 0.05458333333333333 0.05706601466992665 0.05284926470588235 0.05325311942959002 0.05433108405456946 0.06067708333333333 0.05592948717948718 0.060268987341772155 0.06151729559748428 0.0587322695035461 0.06270451570680628 0.06315513626834382 0.05573025856044724 0.06491331757289204 0.050340241261985774 0.07219945355191257 0.06577369052379048 0.0507202881152461 0.07177348551360843 0.06392639022822244 0.05076109391124871 0.07171052631578947 0.06020845653459492 0.05018382352941177 0.07440664556962025 0.06176313920454545 0.047285067873303166 0.07023809523809524 0.0597160829649779 0.03411764705882353 0.07398459383753501 0.05952501690331305 0.043548226136420336 0.04792176039119805 0.04915444172779136 0.04438123441396509 0.043549215197300865 0.04964463840399003 0.045279535864978904 0.039272151898734176 0.04935905673713294 0.044897757581744545 0.03962150959860384 0.04917480864630141 0.044848956242472905 0.03851457840819543 0.04910815602836879 0.03249475890985325 0.049646807943489274 0.04891672558029928 0.03323296531727445 0.05130986820957891 0.0480668463208324 0.034189799515311745 0.05415619455943229 0.047268159518911224 0.03350601604278075 0.05496271306818182 0.046684796684796685 0.03273677189862161 0.05437776266575994 0.04732554243109659 0.024554597701149424 0.05861223799864773 0.047480042399549505 
